
 3791 270 270 35576 -31785
 10197 728 993 904 9293
 9293 663 1003 1288 8005
 8005 571 100 456 7549
 7549 539 100 496 7053
 7053 503 100 456 6597
 6597 471 100 512 6085
 6085 434 759 776 5309
 5309 379 757 1256 4053
 4053 289 100 456 3597
 3597 256 100 544 3053
 3053 218 100 640 2413
 2413 172 100 576 1837
 1837 141 318 568 1269
 1269 97 100 328 941
 941 72 100 368 573
 573 44 100 168 405
 405 31 100 272 133
 133 10 100 264 -131
 -131 -10 100 192 -323
 -323 -24 100 336 -659
 -659 -50 100 352 -1011
 -1011 -77 100 168 -1179
 -1179 -90 100 224 -1403
 -1403 -107 100 320 -1723
 -1723 -132 100 320 -2043
 -2043 -170 100 696 -2739
 -2739 -228 100 232 -2971
 -2971 -247 100 856 -3827
 -3827 -318 100 184 -4011
 -4011 -334 100 208 -4219
 -4219 -351 100 240 -4459
 -4459 -371 100 304 -4763
 -4763 -396 100 344 -5107
 -5107 -425 100 912 -6019
 -6019 -501 100 232 -6251
 -6251 -520 100 208 -6459
 -6459 -538 100 360 -6819
 -6819 -568 100 376 -7195
 -7195 -654 100 136 -7331
 -7331 -666 100 176 -7507
 -7507 -682 100 168 -7675
 -7675 -697 100 184 -7859
 -7859 -714 100 176 -8035
 -8035 -730 100 216 -8251
 -8251 -750 100 224 -8475
 -8475 -770 100 208 -8683
 -8683 -789 100 168 -8851
 -8851 -804 100 176 -9027
 -9027 -820 100 184 -9211
 -9211 -837 100 168 -9379
 -9379 -852 100 168 -9547
 -9547 -954 100 136 -9683
 -9683 -968 100 216 -9899
 -9899 -989 100 168 -10067
 -10067 -1006 100 184 -10251
 -10251 -1025 100 168 -10419
 -10419 -1041 100 168 -10587
 -10587 -1058 100 168 -10755
 -10755 -1075 100 224 -10979
 -10979 -1097 100 176 -11155
 -11155 -1115 100 176 -11331
 -11331 -1133 100 184 -11515
 -11515 -1151 100 176 -11691
 -11691 -1169 100 208 -11899
 -11899 -1322 100 104 -12003
 -12003 -1333 100 160 -12163
 -12163 -1351 100 216 -12379
 -12379 -1375 100 152 -12531
 -12531 -1392 100 160 -12691
 -12691 -1410 100 144 -12835
 -12835 -1426 100 200 -13035
 -13035 -1448 100 264 -13299
 -13299 -1477 100 272 -13571
 -13571 -1507 100 208 -13779
 -13779 -1531 100 216 -13995
 -13995 -1555 100 200 -14195
 -14195 -1577 100 176 -14371
 -14371 -1796 100 144 -14515
 -14515 -1814 100 144 -14659
 -14659 -1832 100 264 -14923
 -14923 -1865 100 144 -15067
 -15067 -1883 100 152 -15219
 -15219 -1902 100 160 -15379
 -15379 -1922 100 240 -15619
 -15619 -1952 100 248 -15867
 -15867 -1983 100 488 -16355
 -16355 -2044 100 248 -16603
 -16603 -2075 100 184 -16787
 -16787 -2098 100 216 -17003
 -17003 -2125 100 216 -17219
 -17219 -2459 100 272 -17491
 -17491 -2498 100 256 -17747
 -17747 -2535 100 224 -17971
 -17971 -2567 100 216 -18187
 -18187 -2598 100 208 -18395
 -18395 -2627 100 216 -18611
 -18611 -2658 100 224 -18835
 -18835 -2690 100 248 -19083
 -19083 -2726 100 312 -19395
 -19395 -2770 100 208 -19603
 -19603 -2800 100 200 -19803
 -19803 -2829 100 248 -20051
 -20051 -2864 100 216 -20267
 -20267 -3377 100 400 -20667
 -20667 -3444 100 352 -21019
 -21019 -3503 100 880 -21899
 -21899 -3649 100 232 -22131
 -22131 -3688 100 240 -22371
 -22371 -3728 100 376 -22747
 -22747 -3791 100 384 -23131
 -23131 -3855 100 456 -23587
 -23587 -3931 100 872 -24459
 -24459 -4076 100 216 -24675
 -24675 -4112 100 184 -24859
 -24859 -4143 100 240 -25099
 -25099 -4183 100 400 -25499
 -25499 -5099 100 96 -25595
 -25595 -5119 100 208 -25803
 -25803 -5160 100 136 -25939
 -25939 -5187 100 152 -26091
 -26091 -5218 100 144 -26235
 -26235 -5247 100 144 -26379
 -26379 -5275 100 200 -26579
 -26579 -5315 100 136 -26715
 -26715 -5343 100 176 -26891
 -26891 -5378 100 160 -27051
 -27051 -5410 100 176 -27227
 -27227 -5445 100 144 -27371
 -27371 -5474 100 168 -27539
 -27539 -6884 100 96 -27635
 -27635 -6908 100 160 -27795
 -27795 -6948 100 136 -27931
 -27931 -6982 100 200 -28131
 -28131 -7032 100 200 -28331
 -28331 -7082 100 176 -28507
 -28507 -7126 100 184 -28691
 -28691 -7172 100 136 -28827
 -28827 -7206 100 160 -28987
 -28987 -7246 100 192 -29179
 -29179 -7294 100 168 -29347
 -29347 -7336 100 168 -29515
 -29515 -7378 100 168 -29683
 -29683 -9894 100 136 -29819
 -29819 -9939 100 224 -30043
 -30043 -10014 100 328 -30371
 -30371 -10123 100 184 -30555
 -30555 -10185 100 152 -30707
 -30707 -10235 100 144 -30851
 -30851 -10283 100 152 -31003
 -31003 -10334 100 208 -31211
 -31211 -10403 100 296 -31507
 -31507 -10502 100 200 -31707
 -31707 -10569 100 232 -31939
 -31939 -10646 100 224 -32163
 -32163 -10721 100 216 -32379
 -32379 -16189 100 144 -32523
 -32523 -16261 100 224 -32747
 -32747 -16373 100 368 -33115
 -33115 -16557 100 256 -33371
 -33371 -16685 100 192 -33563
 -33563 -16781 100 168 -33731
 -33731 -16865 100 216 -33947
 -33947 -16973 100 176 -34123
 -34123 -17061 100 440 -34563
 -34563 -17281 100 184 -34747
 -34747 -17373 100 200 -34947
 -34947 -17473 100 320 -35267
 -35267 -17633 100 160 -35427