
 1887436 104857 104857 762656 1124780
 29541187 1641177 1641177 1166464 28374723
 28374723 1576373 1669101 1087160 27287563
 27287563 1515975 213184 62528 27225035
 27225035 1512501 107218 16928 27208107
 27208107 1511561 107352 14632 27193475
 27193475 1510748 215582 104920 27088555
 27088555 1504919 108200 83328 27005227
 27005227 1500290 108375 112432 26892795
 26892795 1494044 1735019 1309352 25583443
 25583443 1421302 1764375 1217992 24365451
 24365451 1353636 225606 162088 24203363
 24203363 1344631 113142 140104 24063259
 24063259 1336847 112763 117824 23945435
 23945435 1330301 225640 139456 23805979
 23805979 1322554 113188 109976 23696003
 23696003 1316444 113289 99840 23596163
 23596163 1388009 1815089 1313704 22282459
 22282459 1310732 232108 446880 21835579
 21835579 1284445 229460 543864 21291715
 21291715 1252453 113253 120672 21171043
 21171043 1245355 56643 7608 21163435
 21163435 1244907 56616 6016 21157419
 21157419 1244554 113546 103064 21054355
 21054355 1238491 56789 36144 21018211
 21018211 1236365 56867 58136 20960075
 20960075 1232945 228025 625184 20334891
 20334891 1196170 223228 623336 19711555
 19711555 1159503 109375 112456 19599099
 19599099 1152888 54667 68656 19530443
 19530443 1148849 54650 46616 19483827
 19483827 1146107 109390 91280 19392547
 19392547 1140738 54734 55864 19336683
 19336683 1137451 54754 55024 19281659
 19281659 1205103 1752878 1229432 18052227
 18052227 1128264 225652 331512 17720715
 17720715 1107544 223828 316152 17404563
 17404563 1087785 111567 136328 17268235
 17268235 1079264 55747 15040 17253195
 17253195 1078324 55709 12776 17240419
 17240419 1077526 111741 109912 17130507
 17130507 1070656 55863 50832 17079675
 17079675 1067479 55902 65880 17013795
 17013795 1063362 224101 365928 16647867
 16647867 1040491 221643 380224 16267643
 16267643 1016727 109776 130896 16136747
 16136747 1008546 54802 63496 16073251
 16073251 1004578 54796 51376 16021875
 16021875 1001367 109665 92896 15928979
 15928979 995561 54876 50816 15878163
 15878163 992385 54915 49560 15828603
 15828603 1055240 219841 649096 15179507
 15179507 1011967 106958 110184 15069323
 15069323 1004621 106612 134016 14935307
 14935307 995687 53401 52872 14882435
 14882435 992162 26728 6832 14875603
 14875603 991706 26658 5104 14870499
 14870499 991366 53422 46584 14823915
 14823915 988261 26596 21520 14802395
 14802395 986826 26743 29344 14773051
 14773051 984870 107075 137992 14635059
 14635059 975670 106958 145560 14489499
 14489499 965966 53189 57232 14432267
 14432267 962151 26473 27912 14404355
 14404355 960290 26612 19368 14384987
 14384987 958999 53213 52656 14332331
 14332331 955488 26507 35600 14296731
 14296731 953115 26638 29696 14267035
 14267035 1019073 106661 255752 14011283
 14011283 1000805 52676 42192 13969091
 13969091 997792 52741 61352 13907739
 13907739 993409 26253 21088 13886651
 13886651 991903 13214 3408 13883243
 13883243 991660 13168 3736 13879507
 13879507 991393 26190 20560 13858947
 13858947 989924 13116 8512 13850435
 13850435 989316 13061 14656 13835779
 13835779 988269 52913 44232 13791547
 13791547 985110 52974 49736 13741811
 13741811 981557 26390 33288 13708523
 13708523 979180 13007 14384 13694139
 13694139 978152 13213 10224 13683915
 13683915 977422 26234 18824 13665091
 13665091 976077 13154 14336 13650755
 13650755 975053 13089 15352 13635403
 13635403 1048877 105525 125200 13510203
 13510203 1039246 52906 70808 13439395
 13439395 1033799 52625 59024 13380371
 13380371 1029259 26349 44416 13335955
 13335955 1025842 12978 14264 13321691
 13321691 1024745 12909 10912 13310779
 13310779 1023906 26165 28504 13282275
 13282275 1021713 13126 13704 13268571
 13268571 1020659 13058 11544 13257027
 13257027 1019771 52540 57208 13199819
 13199819 1015370 52549 58136 13141683
 13141683 1010898 26317 27792 13113891
 13113891 1008760 12982 14616 13099275
 13099275 1007636 12908 10192 13089083
 13089083 1006852 26161 22496 13066587
 13066587 1005122 13150 17496 13049091
 13049091 1003776 13074 11904 13037187
 13037187 1086432 210054 177760 12859427
 12859427 1071618 105287 95304 12764123
 12764123 1063676 105494 85432 12678691
 12678691 1056557 52735 41592 12637099
 12637099 1053091 26468 34536 12602563
 12602563 1050213 26309 24048 12578515
 12578515 1048209 52850 48832 12529683
 12529683 1044140 26169 27888 12501795
 12501795 1041816 26351 18016 12483779
 12483779 1040314 106010 117880 12365899
 12365899 1030491 105464 111736 12254163
 12254163 1021180 52881 49248 12204915
 12204915 1017076 26197 31088 12173827
 12173827 1014485 26381 24592 12149235
 12149235 1012436 52908 50392 12098843
 12098843 1008236 26224 26224 12072619
 12072619 1006051 26430 28280 12044339
 12044339 1094939 105489 121696 11922643
 11922643 1083876 52848 70128 11852515
 11852515 1077501 52522 56360 11796155
 11796155 1072377 26194 33328 11762827
 11762827 1069347 13027 19088 11743739
 11743739 1067612 12942 10616 11733123
 11733123 1066647 26010 22480 11710643
 11710643 1064603 12857 10832 11699811
 11699811 1063619 13131 15040 11684771
 11684771 1062251 52491 58496 11626275
 11626275 1056934 52497 51848 11574427
 11574427 1052220 26196 31216 11543211
 11543211 1049382 13040 11296 11531915
 11531915 1048355 12957 16440 11515475
 11515475 1046861 26011 18744 11496731
 11496731 1045157 12862 11744 11484987
 11484987 1044089 13162 13120 11471867
 11471867 1147186 105239 82344 11389523
 11389523 1138952 52615 36512 11353011
 11353011 1135301 52726 39872 11313139
 11313139 1131313 26344 25872 11287267
 11287267 1128726 13134 14752 11272515
 11272515 1127251 13039 11536 11260979
 11260979 1126097 26165 27000 11233979
 11233979 1123397 12931 9136 11224843
 11224843 1122484 12831 13360 11211483
 11211483 1121148 52823 68352 11143131
 11143131 1114313 52789 61816 11081315
 11081315 1108131 26332 26160 11055155
 11055155 1105515 13147 20216 11034939
 11034939 1103493 13036 9128 11025811
 11025811 1102581 26134 22256 11003555
 11003555 1100355 12925 15720 10987835
 10987835 1098783 12806 12536 10975299
 10975299 1219477 1688507 889512 10085787
 10085787 1120643 229222 179824 9905963
 9905963 1100662 229560 201728 9704235
 9704235 1078248 115526 90232 9614003
 9614003 1068222 57999 8360 9605643
 9605643 1067293 57980 8856 9596787
 9596787 1066309 116636 85016 9511771
 9511771 1056863 58488 30032 9481739
 9481739 1053526 58705 46752 9434987
 9434987 1048331 236347 188200 9246787
 9246787 1027420 236469 213576 9033211
 9033211 1003690 118579 114328 8918883
 8918883 990987 59289 52200 8866683
 8866683 985187 59383 32064 8834619
 8834619 981624 119234 75400 8759219
 8759219 973246 59886 53336 8705883
 8705883 967320 59984 43192 8662691
 8662691 1082836 1925042 1232408 7430283
 7430283 928785 265367 291864 7138419
 7138419 892302 262659 281552 6856867
 6856867 857108 131862 147992 6708875
 6708875 838609 65928 15584 6693291
 6693291 836661 66011 21640 6671651
 6671651 833956 133003 129136 6542515
 6542515 817814 66497 62688 6479827
 6479827 809978 66588 64600 6415227
 6415227 801903 268195 285608 6129619
 6129619 766202 264330 291008 5838611
 5838611 729826 132418 146024 5692587
 5692587 711573 65998 72264 5620323
 5620323 702540 65982 50760 5569563
 5569563 696195 132452 121352 5448211
 5448211 681026 66301 69264 5378947
 5378947 672368 66333 64216 5314731
 5314731 759247 265736 642888 4671843
 4671843 667406 123202 147120 4524723
 4524723 646389 121613 140072 4384651
 4384651 626378 61169 77672 4306979
 4306979 615282 30589 34888 4272091
 4272091 610298 30343 29672 4242419
 4242419 606059 60630 51968 4190451
 4190451 598635 30166 30168 4160283
 4160283 594326 30450 27176 4133107
 4133107 590443 122025 138400 3994707
 3994707 570672 121842 125904 3868803
 3868803 552686 60394 66752 3802051
 3802051 543150 29942 35880 3766171
 3766171 538024 30198 22696 3743475
 3743475 534782 60348 51136 3692339
 3692339 527477 30055 36080 3656259
 3656259 522322 30339 34168 3622091
 3622091 603681 121710 292936 3329155
 3329155 554859 57655 67480 3261675
 3261675 543612 57547 59880 3201795
 3201795 533632 28532 26512 3175283
 3175283 529213 14506 26216 3149067
 3149067 524844 14341 12464 3136603
 3136603 522767 28243 24872 3111731
 3111731 518621 14200 13192 3098539
 3098539 516423 14075 15496 3083043
 3083043 513840 57781 63464 3019579
 3019579 503263 57754 62792 2956787
 2956787 492797 28559 32280 2924507
 2924507 487417 13882 15312 2909195
 2909195 484865 14320 12376 2896819
 2896819 482803 28115 24704 2872115
 2872115 478685 14162 16680 2855435
 2855435 475905 14000 12480 2842955
 2842955 568591 113401 106256 2736699
 2736699 547339 57785 54280 2682419
 2682419 536483 57125 58864 2623555
 2623555 524711 28840 31512 2592043
 2592043 518408 13985 13272 2578771
 2578771 515754 13811 15048 2563723
 2563723 512744 28355 25984 2537739
 2537739 507547 14313 13400 2524339
 2524339 504867 14141 13568 2510771
 2510771 502154 57123 54504 2456267
 2456267 491253 57255 54064 2402203
 2402203 480440 28967 32440 2369763
 2369763 473952 13994 15640 2354123
 2354123 470824 13766 10288 2343835
 2343835 468767 28449 23248 2320587
 2320587 464117 14439 19472 2301115
 2301115 460223 14190 13832 2287283
 2287283 571820 223149 153608 2133675
 2133675 533418 118537 108640 2025035
 2025035 506258 119573 118520 1906515
 1906515 476628 59377 47056 1859459
 1859459 464864 30264 36912 1822547
 1822547 455636 29729 29416 1793131
 1793131 448282 60243 55872 1737259
 1737259 434314 29279 27896 1709363
 1709363 427340 29883 25328 1684035
 1684035 421008 122386 117928 1566107
 1566107 391526 118944 102720 1463387
 1463387 365846 62143 56728 1406659
 1406659 351664 30142 31256 1375403
 1375403 343850 30806 28576 1346827
 1346827 336706 62539 51592 1295235
 1295235 323808 30357 28856 1266379
 1266379 316594 31268 33200 1233179
 1233179 411059 121296 123864 1109315
 1109315 369771 63029 86600 1022715
 1022715 340905 60159 69672 953043
 953043 317681 29782 40256 912787
 912787 304262 14882 17224 895563
 895563 298521 14594 12712 882851
 882851 294283 28663 27384 855467
 855467 285155 14210 11688 843779
 843779 281259 15094 16152 827627
 827627 275875 59116 64184 763443
 763443 254481 58726 59000 704443
 704443 234814 29351 30864 673579
 673579 224526 14858 17584 655995
 655995 218665 14457 12320 643675
 643675 214558 28160 22232 621443
 621443 207147 14032 15736 605707
 605707 201902 15196 13688 592019
 592019 296009 118403 103504 488515
 488515 244257 61064 55984 432531
 432531 216265 61790 60672 371859
 371859 185929 30988 33048 338811
 338811 169405 15881 17920 320891
 320891 160445 15280 13824 307067
 307067 153533 29244 30184 276883
 276883 138441 14199 12960 263923
 263923 131961 13196 11136 252787
 252787 126393 63196 60640 192147
 192147 96073 64049 58336 133811
 133811 66905 33452 31720 102091
 102091 51045 19142 27848 74243
 74243 37121 16498 14536 59707
 59707 29853 29853 23976 35731
 35731 17865 17865 17328 18403
 18403 9201 100 5976 12427