
 18873 1048 1048 151552 -132679
 151473 8415 15631 11928 139545
 139545 7752 16058 12496 127049
 127049 7058 1032 1264 125785
 125785 6988 100 1264 124521
 124521 6917 100 904 123617
 123617 6867 1009 976 122641
 122641 6813 100 1024 121617
 121617 6756 100 1000 120617
 120617 6700 15975 10800 109817
 109817 6100 16765 13208 96609
 96609 5367 1083 1160 95449
 95449 5302 100 1168 94281
 94281 5237 100 952 93329
 93329 5184 1062 1048 92281
 92281 5126 100 936 91345
 91345 5074 100 984 90361
 90361 5315 16702 9392 80969
 80969 4762 1147 4240 76729
 76729 4513 1097 4648 72081
 72081 4240 100 744 71337
 71337 4196 100 768 70569
 70569 4151 100 520 70049
 70049 4120 100 528 69521
 69521 4089 100 568 68953
 68953 4056 100 600 68353
 68353 4020 996 4840 63513
 63513 3736 940 5144 58369
 58369 3433 100 680 57689
 57689 3393 100 792 56897
 56897 3346 100 512 56385
 56385 3316 100 576 55809
 55809 3282 100 552 55257
 55257 3250 100 528 54729
 54729 3420 13187 8896 45833
 45833 2864 909 2160 43673
 43673 2729 879 3384 40289
 40289 2518 100 720 39569
 39569 2473 100 872 38697
 38697 2418 100 496 38201
 38201 2387 100 464 37737
 37737 2358 100 720 37017
 37017 2313 100 624 36393
 36393 2274 751 2864 33529
 33529 2095 708 3432 30097
 30097 1881 100 760 29337
 29337 1833 100 736 28601
 28601 1787 100 512 28089
 28089 1755 100 672 27417
 27417 1713 100 528 26889
 26889 1680 100 584 26305
 26305 1753 570 1168 25137
 25137 1675 100 680 24457
 24457 1630 100 832 23625
 23625 1575 100 568 23057
 23057 1537 100 720 22337
 22337 1489 100 560 21777
 21777 1451 100 688 21089
 21089 1405 100 664 20425
 20425 1361 100 552 19873
 19873 1324 100 736 19137
 19137 1275 100 688 18449
 18449 1229 100 632 17817
 17817 1187 100 560 17257
 17257 1150 100 576 16681
 16681 1112 100 656 16025
 16025 1068 100 672 15353
 15353 1023 100 584 14769
 14769 1054 100 640 14129
 14129 1009 100 576 13553
 13553 968 100 568 12985
 12985 927 100 656 12329
 12329 880 100 704 11625
 11625 830 100 592 11033
 11033 788 100 592 10441
 10441 745 100 656 9785
 9785 698 100 672 9113
 9113 650 100 664 8449
 8449 603 100 560 7889
 7889 563 100 640 7249
 7249 517 100 688 6561
 6561 468 100 648 5913
 5913 422 100 632 5281
 5281 377 100 768 4513
 4513 322 100 600 3913
 3913 301 100 240 3673
 3673 282 100 352 3321
 3321 255 100 368 2953
 2953 227 100 400 2553
 2553 196 100 384 2169
 2169 166 100 592 1577
 1577 121 100 672 905
 905 69 100 648 257
 257 19 100 504 -247
 -247 -19 100 352 -599
 -599 -46 100 392 -991
 -991 -76 100 472 -1463
 -1463 -112 100 464 -1927
 -1927 -148 100 480 -2407
 -2407 -185 100 504 -2911
 -2911 -223 100 416 -3327
 -3327 -255 100 480 -3807
 -3807 -317 100 232 -4039
 -4039 -336 100 320 -4359
 -4359 -363 100 408 -4767
 -4767 -397 100 568 -5335
 -5335 -444 100 520 -5855
 -5855 -487 100 576 -6431
 -6431 -535 100 416 -6847
 -6847 -570 100 680 -7527
 -7527 -627 100 568 -8095
 -8095 -674 100 320 -8415
 -8415 -701 100 344 -8759
 -8759 -729 100 624 -9383
 -9383 -781 100 504 -9887
 -9887 -823 100 584 -10471
 -10471 -872 100 672 -11143
 -11143 -928 100 568 -11711
 -11711 -975 100 640 -12351
 -12351 -1122 100 208 -12559
 -12559 -1141 100 288 -12847
 -12847 -1167 100 352 -13199
 -13199 -1199 100 392 -13591
 -13591 -1235 100 472 -14063
 -14063 -1278 100 520 -14583
 -14583 -1325 100 512 -15095
 -15095 -1372 100 576 -15671
 -15671 -1424 100 536 -16207
 -16207 -1473 100 320 -16527
 -16527 -1502 100 312 -16839
 -16839 -1530 100 424 -17263
 -17263 -1569 100 328 -17591
 -17591 -1599 100 536 -18127
 -18127 -1647 100 392 -18519
 -18519 -1683 100 576 -19095
 -19095 -1735 100 576 -19671
 -19671 -1967 100 168 -19839
 -19839 -1983 100 336 -20175
 -20175 -2017 100 328 -20503
 -20503 -2050 100 400 -20903
 -20903 -2090 100 344 -21247
 -21247 -2124 100 488 -21735
 -21735 -2173 100 528 -22263
 -22263 -2226 100 400 -22663
 -22663 -2266 100 480 -23143
 -23143 -2314 100 376 -23519
 -23519 -2351 100 240 -23759
 -23759 -2375 100 456 -24215
 -24215 -2421 100 480 -24695
 -24695 -2469 100 408 -25103
 -25103 -2510 100 480 -25583
 -25583 -2558 100 480 -26063
 -26063 -2606 100 456 -26519
 -26519 -2946 100 2056 -28575
 -28575 -3175 100 928 -29503
 -29503 -3278 100 936 -30439
 -30439 -3382 100 840 -31279
 -31279 -3475 100 856 -32135
 -32135 -3570 100 528 -32663
 -32663 -3629 100 688 -33351
 -33351 -3705 100 712 -34063
 -34063 -3784 100 752 -34815
 -34815 -3868 100 784 -35599
 -35599 -3955 100 928 -36527
 -36527 -4058 100 776 -37303
 -37303 -4144 100 904 -38207
 -38207 -4245 100 536 -38743
 -38743 -4304 100 704 -39447
 -39447 -4383 100 696 -40143
 -40143 -4460 100 616 -40759
 -40759 -5094 100 1272 -42031
 -42031 -5253 100 1056 -43087
 -43087 -5385 100 1480 -44567
 -44567 -5570 100 1136 -45703
 -45703 -5712 100 1232 -46935
 -46935 -5866 100 848 -47783
 -47783 -5972 100 856 -48639
 -48639 -6079 100 1000 -49639
 -49639 -6204 100 720 -50359
 -50359 -6294 100 1008 -51367
 -51367 -6420 100 1632 -52999
 -52999 -6624 100 992 -53991
 -53991 -6748 100 1144 -55135
 -55135 -6891 100 760 -55895
 -55895 -6986 100 808 -56703
 -56703 -7087 100 896 -57599
 -57599 -7199 100 752 -58351
 -58351 -8335 100 288 -58639
 -58639 -8377 100 528 -59167
 -59167 -8452 100 480 -59647
 -59647 -8521 100 560 -60207
 -60207 -8601 100 448 -60655
 -60655 -8665 100 464 -61119
 -61119 -8731 100 648 -61767
 -61767 -8823 100 560 -62327
 -62327 -8903 100 560 -62887
 -62887 -8983 100 600 -63487
 -63487 -9069 100 472 -63959
 -63959 -9137 100 584 -64543
 -64543 -9220 100 672 -65215
 -65215 -9316 100 560 -65775
 -65775 -9396 100 816 -66591
 -66591 -9513 100 664 -67255
 -67255 -9607 100 624 -67879
 -67879 -11313 100 288 -68167
 -68167 -11361 100 712 -68879
 -68879 -11479 100 664 -69543
 -69543 -11590 100 552 -70095
 -70095 -11682 100 672 -70767
 -70767 -11794 100 632 -71399
 -71399 -11899 100 800 -72199
 -72199 -12033 100 936 -73135
 -73135 -12189 100 712 -73847
 -73847 -12307 100 584 -74431
 -74431 -12405 100 560 -74991
 -74991 -12498 100 616 -75607
 -75607 -12601 100 784 -76391
 -76391 -12731 100 664 -77055
 -77055 -12842 100 696 -77751
 -77751 -12958 100 880 -78631
 -78631 -13105 100 736 -79367
 -79367 -15873 100 176 -79543
 -79543 -15908 100 368 -79911
 -79911 -15982 100 304 -80215
 -80215 -16043 100 352 -80567
 -80567 -16113 100 416 -80983
 -80983 -16196 100 528 -81511
 -81511 -16302 100 608 -82119
 -82119 -16423 100 608 -82727
 -82727 -16545 100 520 -83247
 -83247 -16649 100 416 -83663
 -83663 -16732 100 320 -83983
 -83983 -16796 100 448 -84431
 -84431 -16886 100 464 -84895
 -84895 -16979 100 480 -85375
 -85375 -17075 100 520 -85895
 -85895 -17179 100 496 -86391
 -86391 -17278 100 560 -86951
 -86951 -21737 100 192 -87143
 -87143 -21785 100 392 -87535
 -87535 -21883 100 384 -87919
 -87919 -21979 100 496 -88415
 -88415 -22103 100 432 -88847
 -88847 -22211 100 504 -89351
 -89351 -22337 100 584 -89935
 -89935 -22483 100 560 -90495
 -90495 -22623 100 544 -91039
 -91039 -22759 100 472 -91511
 -91511 -22877 100 312 -91823
 -91823 -22955 100 488 -92311
 -92311 -23077 100 392 -92703
 -92703 -23175 100 512 -93215
 -93215 -23303 100 496 -93711
 -93711 -23427 100 520 -94231
 -94231 -23557 100 576 -94807
 -94807 -31602 100 248 -95055
 -95055 -31685 100 440 -95495
 -95495 -31831 100 480 -95975
 -95975 -31991 100 456 -96431
 -96431 -32143 100 496 -96927
 -96927 -32309 100 680 -97607
 -97607 -32535 100 864 -98471
 -98471 -32823 100 568 -99039
 -99039 -33013 100 536 -99575
 -99575 -33191 100 432 -100007
 -100007 -33335 100 456 -100463
 -100463 -33487 100 608 -101071
 -101071 -33690 100 600 -101671
 -101671 -33890 100 552 -102223
 -102223 -34074 100 600 -102823
 -102823 -34274 100 816 -103639
 -103639 -34546 100 552 -104191
 -104191 -52095 100 224 -104415
 -104415 -52207 100 536 -104951
 -104951 -52475 100 520 -105471
 -105471 -52735 100 504 -105975
 -105975 -52987 100 480 -106455
 -106455 -53227 100 424 -106879
 -106879 -53439 100 440 -107319
 -107319 -53659 100 480 -107799
 -107799 -53899 100 464 -108263
 -108263 -54131 100 472 -108735
 -108735 -54367 100 440 -109175
 -109175 -54587 100 496 -109671
 -109671 -54835 100 528 -110199
 -110199 -55099 100 472 -110671
 -110671 -55335 100 464 -111135
 -111135 -55567 100 440 -111575
 -111575 -55787 100 456 -112031