
 2843568 203112 203112 591128 2252440
 33734800 2409628 702808 715304 33019496
 33019496 2358535 702542 701160 32318336
 32318336 2308452 351286 168624 32149712
 32149712 2296408 353293 271976 31877736
 31877736 2276981 354197 315184 31562552
 31562552 2254468 354635 342016 31220536
 31220536 2230038 709557 711784 30508752
 30508752 2179196 709505 755432 29753320
 29753320 2125237 354206 391864 29361456
 29361456 2097246 353752 338208 29023248
 29023248 2073089 353942 363376 28659872
 28659872 2047133 353825 371104 28288768
 28288768 2176059 707219 683616 27605152
 27605152 2123473 353912 511640 27093512
 27093512 2084116 351863 498920 26594592
 26594592 2045737 174964 65512 26529080
 26529080 2040698 175689 150160 26378920
 26378920 2029147 175859 221600 26157320
 26157320 2012101 175552 203104 25954216
 25954216 1996478 350732 401600 25552616
 25552616 1965585 350035 486200 25066416
 25066416 1928185 174072 160072 24906344
 24906344 1915872 174170 181336 24725008
 24725008 1901923 174119 238520 24486488
 24486488 1883576 173663 226928 24259560
 24259560 2021630 693130 721976 23537584
 23537584 1961465 346140 352192 23185392
 23185392 1932116 346050 129864 23055528
 23055528 1921294 174663 145904 22909624
 22909624 1909135 174882 182016 22727608
 22727608 1893967 174827 261192 22466416
 22466416 1872201 174158 331656 22134760
 22134760 1844563 345855 663736 21471024
 21471024 1789252 340809 156824 21314200
 21314200 1776183 171888 113344 21200856
 21200856 1766738 172364 138888 21061968
 21061968 1755164 172639 245528 20816440
 20816440 1734703 172036 363848 20452592
 20452592 1859326 340876 417080 20035512
 20035512 1821410 169792 73616 19961896
 19961896 1814717 170614 149424 19812472
 19812472 1801133 85398 11232 19801240
 19801240 1800112 85680 11384 19789856
 19789856 1799077 86042 63456 19726400
 19726400 1793309 86100 118848 19607552
 19607552 1782504 171996 143808 19463744
 19463744 1769431 172245 208928 19254816
 19254816 1750437 85959 89248 19165568
 19165568 1742324 85901 89712 19075856
 19075856 1734168 85927 103968 18971888
 18971888 1724717 85800 99288 18872600
 18872600 1887260 343138 366344 18506256
 18506256 1850625 171354 136920 18369336
 18369336 1836933 171676 171736 18197600
 18197600 1819760 85837 28248 18169352
 18169352 1816935 86064 24456 18144896
 18144896 1814489 86404 136264 18008632
 18008632 1800863 86117 110656 17897976
 17897976 1789797 172095 171616 17726360
 17726360 1772636 172100 209536 17516824
 17516824 1751682 85866 70496 17446328
 17446328 1744632 85892 99952 17346376
 17346376 1734637 85873 112272 17234104
 17234104 1723410 85688 98832 17135272
 17135272 1903919 342705 362456 16772816
 16772816 1863646 171151 158040 16614776
 16614776 1846086 171286 246920 16367856
 16367856 1818650 85249 59440 16308416
 16308416 1812046 85329 64592 16243824
 16243824 1804869 85493 129088 16114736
 16114736 1790526 85205 101960 16012776
 16012776 1779197 170348 198192 15814584
 15814584 1757176 170049 246560 15568024
 15568024 1729780 84608 59056 15508968
 15508968 1723218 84688 118472 15390496
 15390496 1710055 84563 114432 15276064
 15276064 1697340 84334 85840 15190224
 15190224 1898778 337560 362064 14828160
 14828160 1853520 168501 141232 14686928
 14686928 1835866 168815 327960 14358968
 14358968 1794871 83482 61432 14297536
 14297536 1787192 83545 92384 14205152
 14205152 1775644 83559 104544 14100608
 14100608 1762576 83365 88200 14012408
 14012408 1751551 166814 127536 13884872
 13884872 1735609 167287 329544 13555328
 13555328 1694416 82654 71160 13484168
 13484168 1685521 82650 90264 13393904
 13393904 1674238 82678 80976 13312928
 13312928 1664116 82609 103128 13209800
 13209800 1887114 660490 643472 12566328
 12566328 1795189 330692 532712 12033616
 12033616 1719088 325232 481648 11551968
 11551968 1650281 160444 85320 11466648
 11466648 1638092 161502 109056 11357592
 11357592 1622513 162251 132400 11225192
 11225192 1603598 162683 160808 11064384
 11064384 1580626 325423 380032 10684352
 10684352 1526336 323768 455496 10228856
 10228856 1461265 159825 142624 10086232
 10086232 1440890 160098 155064 9931168
 9931168 1418738 160180 187704 9743464
 9743464 1391923 159728 204608 9538856
 9538856 1589809 635923 604776 8934080
 8934080 1489013 319074 340232 8593848
 8593848 1432308 318290 137992 8455856
 8455856 1409309 162612 139752 8316104
 8316104 1386017 163060 159960 8156144
 8156144 1359357 163122 243624 7912520
 7912520 1318753 161480 323744 7588776
 7588776 1264796 316198 536536 7052240
 7052240 1175373 306619 147664 6904576
 6904576 1150762 156922 121600 6782976
 6782976 1130496 157743 127808 6655168
 6655168 1109194 158456 220400 6434768
 6434768 1072461 156945 340816 6093952
 6093952 1218790 304697 302384 5791568
 5791568 1158313 152409 77184 5714384
 5714384 1142876 154442 109768 5604616
 5604616 1120923 77841 36368 5568248
 5568248 1113649 78368 144480 5423768
 5423768 1084753 77482 114240 5309528
 5309528 1061905 76888 73208 5236320
 5236320 1047264 154009 111152 5125168
 5125168 1025033 155308 171840 4953328
 4953328 990665 77395 74472 4878856
 4878856 975771 77376 86936 4791920
 4791920 958384 77289 73096 4718824
 4718824 943764 77284 104144 4614680
 4614680 1153670 307645 283104 4331576
 4331576 1082894 154699 118520 4213056
 4213056 1053264 156039 144888 4068168
 4068168 1017042 78234 58640 4009528
 4009528 1002382 78543 93504 3916024
 3916024 979006 78320 75280 3840744
 3840744 960186 78297 84032 3756712
 3756712 939178 156529 146416 3610296
 3610296 902574 156969 187632 3422664
 3422664 855666 77787 69408 3353256
 3353256 838314 77890 81488 3271768
 3271768 817942 77899 91272 3180496
 3180496 795124 77466 87360 3093136
 3093136 1031045 309313 311744 2781392
 2781392 927130 154521 132912 2648480
 2648480 882826 155792 224576 2423904
 2423904 807968 75747 57464 2366440
 2366440 788813 76231 87224 2279216
 2279216 759738 75973 86728 2192488
 2192488 730829 75474 83208 2109280
 2109280 703093 150662 164872 1944408
 1944408 648136 149569 256336 1688072
 1688072 562690 70336 46648 1641424
 1641424 547141 71230 110504 1530920
 1530920 510306 69587 94112 1436808
 1436808 478936 68245 83968 1352840
 1352840 676420 270568 257320 1095520
 1095520 547760 136940 125192 970328
 970328 485164 138618 303152 667176
 667176 333588 55598 26664 640512
 640512 320256 58106 128008 512504
 512504 256252 51250 78520 433984
 433984 216992 48048 56232 377752
 377752 188876 94438 98416 279336
 279336 139668 93112 260864 18472
 18472 9236 4618 22888 -4416
 -4416 -2208 100 45016 -49432
 -49432 -24716 100 41072 -90504
 -90504 -45252 100 32816 -123320