
 94370 5242 5242 259032 -164662
 1256144 69785 69785 54840 1201304
 1201304 66739 70664 54912 1146392
 1146392 63688 8956 2192 1144200
 1144200 63566 4506 1520 1142680
 1142680 63482 4508 1128 1141552
 1141552 63419 9049 1608 1139944
 1139944 63330 4553 1416 1138528
 1138528 63251 4569 1368 1137160
 1137160 63175 73365 65448 1071712
 1071712 59539 73911 57664 1014048
 1014048 56336 9389 2728 1011320
 1011320 56184 4727 2232 1009088
 1009088 56060 4728 1592 1007496
 1007496 55972 9493 1712 1005784
 1005784 55876 4782 1480 1004304
 1004304 55794 4801 1608 1002696
 1002696 58982 77130 62480 940216
 940216 55306 9793 13296 926920
 926920 54524 9740 14560 912360
 912360 53668 4852 2640 909720
 909720 53512 2433 968 908752
 908752 53456 2431 744 908008
 908008 53412 4873 1760 906248
 906248 53308 2444 968 905280
 905280 53251 2449 848 904432
 904432 53201 9839 14720 889712
 889712 52336 9766 15136 874576
 874576 51445 4852 2952 871624
 871624 51272 2431 1232 870392
 870392 51199 2435 840 869552
 869552 51150 4882 1704 867848
 867848 51049 2449 1304 866544
 866544 50973 2453 1208 865336
 865336 54083 78666 62264 803072
 803072 50192 10038 8952 794120
 794120 49632 10030 10408 783712
 783712 48982 5023 3648 780064
 780064 48754 2518 1512 778552
 778552 48659 2513 904 777648
 777648 48603 5040 2472 775176
 775176 48448 2527 1168 774008
 774008 48375 2533 904 773104
 773104 48319 10183 9800 763304
 763304 47706 10162 11048 752256
 752256 47016 5076 4048 748208
 748208 46763 2541 2240 745968
 745968 46623 2543 1048 744920
 744920 46557 5098 2504 742416
 742416 46401 2557 1392 741024
 741024 46314 2562 1504 739520
 739520 49301 10271 8344 731176
 731176 48745 5152 2824 728352
 728352 48556 5152 2904 725448
 725448 48363 2593 1864 723584
 723584 48238 1299 752 722832
 722832 48188 1295 728 722104
 722104 48140 2594 1640 720464
 720464 48030 1292 976 719488
 719488 47965 1299 1016 718472
 718472 47898 5207 3752 714720
 714720 47648 5223 3064 711656
 711656 47443 2612 2120 709536
 709536 47302 1301 1096 708440
 708440 47229 1308 896 707544
 707544 47169 2617 1968 705576
 705576 47038 1304 1096 704480
 704480 46965 1312 1400 703080
 703080 50220 5256 2696 700384
 700384 50027 2633 1392 698992
 698992 49928 2639 1640 697352
 697352 49810 1316 1120 696232
 696232 49730 662 608 695624
 695624 49687 659 624 695000
 695000 49642 1311 1160 693840
 693840 49560 656 712 693128
 693128 49509 653 696 692432
 692432 49459 2648 1848 690584
 690584 49327 2652 1600 688984
 688984 49213 1323 1048 687936
 687936 49138 652 800 687136
 687136 49081 663 856 686280
 686280 49020 1315 1336 684944
 684944 48924 659 808 684136
 684136 48866 656 936 683200
 683200 52553 5287 1824 681376
 681376 52413 2668 1208 680168
 680168 52320 2663 1000 679168
 679168 52243 1337 832 678336
 678336 52179 660 440 677896
 677896 52145 656 616 677280
 677280 52098 1331 1120 676160
 676160 52012 668 568 675592
 675592 51968 664 600 674992
 674992 51922 2675 1112 673880
 673880 51836 2682 1240 672640
 672640 51741 1347 768 671872
 671872 51682 665 384 671488
 671488 51652 661 640 670848
 670848 51603 1340 824 670024
 670024 51540 674 608 669416
 669416 51493 670 624 668792
 668792 55732 10775 1768 667024
 667024 55585 5461 2448 664576
 664576 55381 5492 2624 661952
 661952 55162 2753 872 661080
 661080 55090 1384 1136 659944
 659944 54995 1377 864 659080
 659080 54923 2769 1352 657728
 657728 54810 1373 1344 656384
 656384 54698 1383 864 655520
 655520 54626 5566 3800 651720
 651720 54310 5558 3320 648400
 648400 54033 2798 1080 647320
 647320 53943 1389 608 646712
 646712 53892 1401 784 645928
 645928 53827 2812 1016 644912
 644912 53742 1397 632 644280
 644280 53690 1410 784 643496
 643496 58499 5636 3128 640368
 640368 58215 2838 2136 638232
 638232 58021 2828 1904 636328
 636328 57848 1413 632 635696
 635696 57790 704 456 635240
 635240 57749 700 704 634536
 634536 57685 1406 904 633632
 633632 57602 695 768 632864
 632864 57533 710 752 632112
 632112 57464 2839 2536 629576
 629576 57234 2842 2248 627328
 627328 57029 1419 952 626376
 626376 56943 707 440 625936
 625936 56903 703 624 625312
 625312 56846 1412 1016 624296
 624296 56754 698 704 623592
 623592 56690 714 672 622920
 622920 62292 5714 1968 620952
 620952 62095 2868 2352 618600
 618600 61860 2872 2392 616208
 616208 61620 1434 824 615384
 615384 61538 716 704 614680
 614680 61468 711 688 613992
 613992 61399 1426 1024 612968
 612968 61296 705 800 612168
 612168 61216 699 696 611472
 611472 61147 2880 2264 609208
 609208 60920 2886 2576 606632
 606632 60663 1441 784 605848
 605848 60584 720 448 605400
 605400 60540 715 640 604760
 604760 60476 1433 1096 603664
 603664 60366 709 720 602944
 602944 60294 702 760 602184
 602184 66909 92643 29424 572760
 572760 63640 13017 9680 563080
 563080 62564 13048 10616 552464
 552464 61384 6576 2688 549776
 549776 61086 3316 1488 548288
 548288 60920 3309 784 547504
 547504 60833 6654 1800 545704
 545704 60633 3355 904 544800
 544800 60533 3373 800 544000
 544000 60444 13627 10896 533104
 533104 59233 13633 11352 521752
 521752 57972 6849 2528 519224
 519224 57691 3451 1264 517960
 517960 57551 3468 904 517056
 517056 57450 6978 1880 515176
 515176 57241 3522 920 514256
 514256 57139 3543 1144 513112
 513112 64139 114024 112128 400984
 400984 50123 14320 16464 384520
 384520 48065 14148 17024 367496
 367496 45937 7067 3320 364176
 364176 45522 3578 1848 362328
 362328 45291 3573 952 361376
 361376 45172 7204 1928 359448
 359448 44931 3653 1296 358152
 358152 44769 3680 944 357208
 357208 44651 14933 14296 342912
 342912 42864 14787 17152 325760
 325760 40720 7388 3464 322296
 322296 40287 3736 1952 320344
 320344 40043 3760 952 319392
 319392 39924 7595 2480 316912
 316912 39614 3856 1408 315504
 315504 39438 3890 1336 314168
 314168 44881 15708 12352 301816
 301816 43116 7959 11384 290432
 290432 41490 7806 8768 281664
 281664 40237 3929 3184 278480
 278480 39782 1977 3224 275256
 275256 39322 1955 1352 273904
 273904 39129 3914 2216 271688
 271688 38812 1955 2040 269648
 269648 38521 1973 1824 267824
 267824 38260 7907 9240 258584
 258584 36940 7887 7408 251176
 251176 35882 3921 3232 247944
 247944 35420 1952 2856 245088
 245088 35012 1965 1136 243952
 243952 34850 3932 2384 241568
 241568 34509 1966 1928 239640
 239640 34234 1988 1864 237776
 237776 39629 7989 5008 232768
 232768 38794 4031 4032 228736
 228736 38122 4035 3552 225184
 225184 37530 2006 2272 222912
 222912 37152 1018 1664 221248
 221248 36874 1007 1168 220080
 220080 36680 1981 1904 218176
 218176 36362 995 1336 216840
 216840 36140 985 1424 215416
 215416 35902 4037 3736 211680
 211680 35280 4048 2912 208768
 208768 34794 2016 2232 206536
 206536 34422 980 1656 204880
 204880 34146 1008 920 203960
 203960 33993 1979 1976 201984
 201984 33664 995 1544 200440
 200440 33406 982 1440 199000
 199000 39800 7937 4520 194480
 194480 38896 4106 1600 192880
 192880 38576 4107 1624 191256
 191256 38251 2102 1376 189880
 189880 37976 1024 576 189304
 189304 37860 1013 808 188496
 188496 37699 2084 1368 187128
 187128 37425 1055 736 186392
 186392 37278 1044 800 185592
 185592 37118 4222 1872 183720
 183720 36744 4282 2152 181568
 181568 36313 2189 1384 180184
 180184 36036 1064 552 179632
 179632 35926 1050 800 178832
 178832 35766 2170 1720 177112
 177112 35422 1102 664 176448
 176448 35289 1088 840 175608
 175608 43902 17132 4256 171352
 171352 42838 9519 4864 166488
 166488 41622 9830 5864 160624
 160624 40156 5002 2992 157632
 157632 39408 2565 1064 156568
 156568 39142 2553 1096 155472
 155472 38868 5223 2520 152952
 152952 38238 2577 1336 151616
 151616 37904 2650 1296 150320
 150320 37580 10924 7512 142808
 142808 35702 10846 10952 131856
 131856 32964 5599 3160 128696
 128696 32174 2757 1088 127608
 127608 31902 2858 984 126624
 126624 31656 5879 2768 123856
 123856 30964 2902 1112 122744
 122744 30686 3030 1232 121512
 121512 40504 11952 11360 110152
 110152 36717 6258 6696 103456
 103456 34485 6085 5944 97512
 97512 32504 3047 2320 95192
 95192 31730 1552 1704 93488
 93488 31162 1523 1408 92080
 92080 30693 2989 2264 89816
 89816 29938 1491 1568 88248
 88248 29416 1578 1400 86848
 86848 28949 6203 7096 79752
 79752 26584 6134 6296 73456
 73456 24485 3060 2816 70640
 70640 23546 1558 1696 68944
 68944 22981 1519 1088 67856
 67856 22618 2968 2136 65720
 65720 21906 1484 1512 64208
 64208 21402 1610 1464 62744
 62744 31372 12548 5552 57192
 57192 28596 7149 5096 52096
 52096 26048 7442 5832 46264
 46264 23132 3855 1896 44368
 44368 22184 2079 1208 43160
 43160 21580 2055 1432 41728
 41728 20864 3974 2440 39288
 39288 19644 2014 1648 37640
 37640 18820 1882 1600 36040
 36040 18020 9010 10992 25048
 25048 12524 8349 8688 16360
 16360 8180 4090 2736 13624
 13624 6812 2554 2320 11304
 11304 5652 2512 1344 9960
 9960 4980 4980 2944 7016
 7016 3508 3508 2088 4928
 4928 2464 100 840 4088