
 18957 1354 1354 69256 -50299
 159583 11398 8865 5976 153607
 153607 10971 9035 8592 145015
 145015 10358 1132 560 144455
 144455 10318 1136 544 143911
 143911 10279 1142 600 143311
 143311 10236 1145 528 142783
 142783 10198 9211 6744 136039
 136039 9717 9382 11264 124775
 124775 8912 1155 776 123999
 123999 8857 1157 768 123231
 123231 8802 1162 760 122471
 122471 8747 1164 760 121711
 121711 9362 9362 6248 115463
 115463 8881 1202 2176 113287
 113287 8714 1190 4144 109143
 109143 8395 580 240 108903
 108903 8377 581 192 108711
 108711 8362 583 216 108495
 108495 8345 586 264 108231
 108231 8325 1176 2992 105239
 105239 8095 1154 6712 98527
 98527 7579 547 312 98215
 98215 7555 547 344 97871
 97871 7528 549 408 97463
 97463 7497 550 392 97071
 97071 8089 8824 11384 85687
 85687 7140 1071 1896 83791
 83791 6982 1058 4024 79767
 79767 6647 511 384 79383
 79383 6615 511 328 79055
 79055 6587 512 320 78735
 78735 6561 514 912 77823
 77823 6485 1023 2976 74847
 74847 6237 996 3912 70935
 70935 5911 479 248 70687
 70687 5890 480 376 70311
 70311 5859 481 584 69727
 69727 5810 480 1368 68359
 68359 6214 949 208 68151
 68151 6195 480 248 67903
 67903 6173 481 224 67679
 67679 6152 241 176 67503
 67503 6136 241 176 67327
 67327 6120 241 168 67159
 67159 6105 242 208 66951
 66951 6086 485 296 66655
 66655 6059 486 280 66375
 66375 6034 243 184 66191
 66191 6017 244 184 66007
 66007 6000 244 200 65807
 65807 5982 244 168 65639
 65639 6563 977 264 65375
 65375 6537 495 232 65143
 65143 6514 496 184 64959
 64959 6495 249 176 64783
 64783 6478 249 184 64599
 64599 6459 249 168 64431
 64431 6443 250 168 64263
 64263 6426 501 368 63895
 63895 6389 503 264 63631
 63631 6363 251 176 63455
 63455 6345 252 184 63271
 63271 6327 252 192 63079
 63079 6307 253 176 62903
 62903 6989 1014 336 62567
 62567 6951 513 312 62255
 62255 6917 513 1136 61119
 61119 6791 255 216 60903
 60903 6767 253 224 60679
 60679 6742 254 192 60487
 60487 6720 254 176 60311
 60311 6701 511 528 59783
 59783 6642 511 1176 58607
 58607 6511 252 232 58375
 58375 6486 252 248 58127
 58127 6458 252 240 57887
 57887 6431 252 240 57647
 57647 7205 1008 400 57247
 57247 7155 511 264 56983
 56983 7122 512 2288 54695
 54695 6836 248 200 54495
 54495 6811 247 304 54191
 54191 6773 247 264 53927
 53927 6740 247 152 53775
 53775 6721 497 544 53231
 53231 6653 497 2128 51103
 51103 6387 240 232 50871
 50871 6358 240 224 50647
 50647 6330 240 256 50391
 50391 6298 240 224 50167
 50167 7166 7718 4424 45743
 45743 6534 1039 1392 44351
 44351 6335 1028 2008 42343
 42343 6049 504 368 41975
 41975 5996 504 408 41567
 41567 5938 506 528 41039
 41039 5862 506 360 40679
 40679 5811 1016 1208 39471
 39471 5638 1008 1832 37639
 37639 5377 495 464 37175
 37175 5310 494 496 36679
 36679 5239 494 552 36127
 36127 5161 494 528 35599
 35599 5933 7910 8600 26999
 26999 4499 964 1488 25511
 25511 4251 940 2888 22623
 22623 3770 435 408 22215
 22215 3702 434 368 21847
 21847 3641 436 496 21351
 21351 3558 435 1376 19975
 19975 3329 832 1176 18799
 18799 3133 812 2112 16687
 16687 2781 379 320 16367
 16367 2727 379 376 15991
 15991 2665 379 384 15607
 15607 2601 380 1136 14471
 14471 2894 723 136 14335
 14335 2867 378 224 14111
 14111 2822 380 168 13943
 13943 2788 194 144 13799
 13799 2759 194 168 13631
 13631 2726 194 152 13479
 13479 2695 195 144 13335
 13335 2667 392 232 13103
 13103 2620 398 184 12919
 12919 2583 201 160 12759
 12759 2551 202 168 12591
 12591 2518 203 152 12439
 12439 2487 204 192 12247
 12247 3061 807 184 12063
 12063 3015 430 336 11727
 11727 2931 431 208 11519
 11519 2879 222 216 11303
 11303 2825 220 200 11103
 11103 2775 221 208 10895
 10895 2723 221 184 10711
 10711 2677 445 304 10407
 10407 2601 452 296 10111
 10111 2527 228 160 9951
 9951 2487 230 240 9711
 9711 2427 230 144 9567
 9567 2391 233 224 9343
 9343 3114 934 304 9039
 9039 3013 504 528 8511
 8511 2837 497 1584 6927
 6927 2309 218 312 6615
 6615 2205 213 320 6295
 6295 2098 210 224 6071
 6071 2023 209 216 5855
 5855 1951 419 536 5319
 5319 1773 412 1360 3959
 3959 1319 164 216 3743
 3743 1247 162 280 3463
 3463 1154 157 232 3231
 3231 1077 154 224 3007
 3007 1503 582 240 2767
 2767 1383 345 448 2319
 2319 1159 323 1248 1071
 1071 535 100 144 927
 927 463 100 144 783
 783 391 100 176 607
 607 303 100 216 391
 391 195 100 392 -1
 -1 0 100 1184 -1185
 -1185 -592 100 160 -1345
 -1345 -672 100 200 -1545
 -1545 -772 100 312 -1857
 -1857 -928 100 144 -2001