
 377486 20971 20971 410072 -32586
 5650683 313926 313926 329736 5320947
 5320947 295608 312996 239528 5081419
 5081419 282301 39698 5600 5075819
 5075819 281989 19989 3328 5072491
 5072491 281805 20014 2152 5070339
 5070339 281685 40196 3216 5067123
 5067123 281506 20239 2224 5064899
 5064899 281383 20326 1776 5063123
 5063123 281284 326653 369840 4693283
 4693283 260737 323674 253632 4439651
 4439651 246647 41107 6656 4432995
 4432995 246277 20722 3384 4429611
 4429611 246089 20757 5664 4423947
 4423947 245774 41687 5568 4418379
 4418379 245465 21007 5912 4412467
 4412467 245137 21095 5312 4407155
 4407155 259244 339011 355248 4051907
 4051907 238347 42207 15448 4036459
 4036459 237438 42417 58448 3978011
 3978011 234000 21159 9384 3968627
 3968627 233448 10618 2536 3966091
 3966091 233299 10610 1344 3964747
 3964747 233220 21277 7064 3957683
 3957683 232804 10675 1696 3955987
 3955987 232705 10703 1856 3954131
 3954131 232595 43017 73720 3880411
 3880411 228259 42597 72472 3807939
 3807939 223996 21129 8936 3799003
 3799003 223470 10596 3640 3795363
 3795363 223256 10620 2064 3793299
 3793299 223135 21297 8048 3785251
 3785251 222661 10683 2688 3782563
 3782563 222503 10710 3008 3779555
 3779555 236222 343595 261584 3517971
 3517971 219873 43974 28520 3489451
 3489451 218090 44074 36560 3452891
 3452891 215805 22133 13440 3439451
 3439451 214965 11103 3568 3435883
 3435883 214742 11094 1752 3434131
 3434131 214633 22257 11216 3422915
 3422915 213932 11162 2912 3420003
 3420003 213750 11193 3072 3416931
 3416931 213558 45006 40792 3376139
 3376139 211008 44948 42416 3333723
 3333723 208357 22496 15864 3317859
 3317859 207366 11267 6288 3311571
 3311571 206973 11289 4120 3307451
 3307451 206715 22638 10632 3296819
 3296819 206051 11357 5400 3291419
 3291419 205713 11383 5656 3285763
 3285763 219050 45635 70224 3215539
 3215539 214369 22657 18192 3197347
 3197347 213156 22620 14104 3183243
 3183243 212216 11381 6776 3176467
 3176467 211764 5704 1904 3174563
 3174563 211637 5689 1424 3173139
 3173139 211542 11399 5216 3167923
 3167923 211194 5683 2088 3165835
 3165835 211055 5719 2320 3163515
 3163515 210901 22929 16600 3146915
 3146915 209794 22998 16016 3130899
 3130899 208726 11493 7848 3123051
 3123051 208203 5728 2752 3120299
 3120299 208019 5764 1752 3118547
 3118547 207903 11536 7728 3110819
 3110819 207387 5753 3600 3107219
 3107219 207147 5789 4112 3103107
 3103107 221650 23199 13080 3090027
 3090027 220716 11617 8744 3081283
 3081283 220091 11633 6968 3074315
 3074315 219593 5803 3728 3070587
 3070587 219327 2921 1112 3069475
 3069475 219248 2911 952 3068523
 3068523 219180 5790 3384 3065139
 3065139 218938 2900 1400 3063739
 3063739 218838 2889 1624 3062115
 3062115 218722 11710 7304 3054811
 3054811 218200 11733 6904 3047907
 3047907 217707 5853 3472 3044435
 3044435 217459 2888 1616 3042819
 3042819 217344 2936 1536 3041283
 3041283 217234 5830 3248 3038035
 3038035 217002 2924 2104 3035931
 3035931 216852 2911 2168 3033763
 3033763 233366 23478 16736 3017027
 3017027 232079 11814 5760 3011267
 3011267 231635 11791 6432 3004835
 3004835 231141 5917 2520 3002315
 3002315 230947 2921 1248 3001067
 3001067 230851 2908 1488 2999579
 2999579 230736 5896 2912 2996667
 2996667 230512 2961 1664 2995003
 2995003 230384 2947 1832 2993171
 2993171 230243 11862 7832 2985339
 2985339 229641 11884 8112 2977227
 2977227 229017 5962 3392 2973835
 2973835 228756 2944 1160 2972675
 2972675 228667 2929 1384 2971291
 2971291 228560 5938 2712 2968579
 2968579 228352 2987 1840 2966739
 2966739 228210 2972 1832 2964907
 2964907 247075 47770 7344 2957563
 2957563 246463 24215 18776 2938787
 2938787 244898 24288 12736 2926051
 2926051 243837 12170 4048 2922003
 2922003 243500 6120 2472 2919531
 2919531 243294 6094 1952 2917579
 2917579 243131 12258 5728 2911851
 2911851 242654 6081 4400 2907451
 2907451 242287 6128 2904 2904547
 2904547 242045 24664 18128 2886419
 2886419 240534 24617 15312 2871107
 2871107 239258 12389 5128 2865979
 2865979 238831 6151 2552 2863427
 2863427 238618 6205 2200 2861227
 2861227 238435 12460 5072 2856155
 2856155 238012 6190 2872 2853283
 2853283 237773 6246 2832 2850451
 2850451 259131 24965 18528 2831923
 2831923 257447 12552 16216 2815707
 2815707 255973 12477 12144 2803563
 2803563 254869 6225 3424 2800139
 2800139 254558 3101 3648 2796491
 2796491 254226 3082 2176 2794315
 2794315 254028 6194 4224 2790091
 2790091 253644 3063 2216 2787875
 2787875 253443 3128 2696 2785179
 2785179 253198 12511 12016 2773163
 2773163 252105 12521 11424 2761739
 2761739 251067 6250 4208 2757531
 2757531 250684 3115 2176 2755355
 2755355 250486 3096 2000 2753355
 2753355 250305 6219 3424 2749931
 2749931 249993 3076 2216 2747715
 2747715 249792 3149 2288 2745427
 2745427 274542 25185 10288 2735139
 2735139 273513 12635 12392 2722747
 2722747 272274 12645 9488 2713259
 2713259 271325 6318 4096 2709163
 2709163 270916 3152 3592 2705571
 2705571 270557 3129 2400 2703171
 2703171 270317 6281 4392 2698779
 2698779 269877 3106 2568 2696211
 2696211 269621 3082 2400 2693811
 2693811 269381 12692 12288 2681523
 2681523 268152 12703 10448 2671075
 2671075 267107 6347 3896 2667179
 2667179 266717 3171 2456 2664723
 2664723 266472 3147 2096 2662627
 2662627 266262 6311 3872 2658755
 2658755 265875 3123 2464 2656291
 2656291 265629 3095 1848 2654443
 2654443 294938 408375 178488 2475955
 2475955 275106 56271 38856 2437099
 2437099 270788 56477 39752 2397347
 2397347 266371 28539 10088 2387259
 2387259 265251 14401 3064 2384195
 2384195 264910 14391 1536 2382659
 2382659 264739 28958 6288 2376371
 2376371 264041 14612 1856 2374515
 2374515 263835 14701 1760 2372755
 2372755 263639 59437 44432 2328323
 2328323 258702 59542 45768 2282555
 2282555 253617 29963 11320 2271235
 2271235 252359 15098 3720 2267515
 2267515 251946 15186 2128 2265387
 2265387 251709 30574 6624 2258763
 2258763 250973 15443 2568 2256195
 2256195 250688 15545 2968 2253227
 2253227 281653 500717 320704 1932523
 1932523 241565 69018 64728 1867795
 1867795 233474 68725 67440 1800355
 1800355 225044 34622 17080 1783275
 1783275 222909 17524 4528 1778747
 1778747 222343 17542 1792 1776955
 1776955 222119 35424 12800 1764155
 1764155 220519 17930 2040 1762115
 1762115 220264 18108 2240 1759875
 1759875 219984 73573 67072 1692803
 1692803 211600 72999 74536 1618267
 1618267 202283 36702 20880 1597387
 1597387 199673 18519 5144 1592243
 1592243 199030 18692 3272 1588971
 1588971 198621 37788 15144 1573827
 1573827 196728 19152 5808 1568019
 1568019 196002 19336 4976 1563043
 1563043 223291 78152 89248 1473795
 1473795 210542 38865 54296 1419499
 1419499 202785 38152 49472 1370027
 1370027 195718 19113 16216 1353811
 1353811 193401 9615 7136 1346675
 1346675 192382 9565 2704 1343971
 1343971 191995 19207 11144 1332827
 1332827 190403 9594 4568 1328259
 1328259 189751 9722 6112 1322147
 1322147 188878 39034 54144 1268003
 1268003 181143 38675 48392 1219611
 1219611 174230 19038 15192 1204419
 1204419 172059 9485 9312 1195107
 1195107 170729 9582 4792 1190315
 1190315 170045 19189 10136 1180179
 1180179 168597 9606 8416 1171763
 1171763 167394 9723 8168 1163595
 1163595 193932 39099 42464 1121131
 1121131 186855 19416 18288 1102843
 1102843 183807 19458 17840 1085003
 1085003 180833 9668 8528 1076475
 1076475 179412 4918 6008 1070467
 1070467 178411 4874 4792 1065675
 1065675 177612 9595 7632 1058043
 1058043 176340 4828 4880 1053163
 1053163 175527 4784 4768 1048395
 1048395 174732 19648 19888 1028507
 1028507 171417 19671 18192 1010315
 1010315 168385 9758 8496 1001819
 1001819 166969 4755 5384 996435
 996435 166072 4905 3192 993243
 993243 165540 9640 8240 985003
 985003 164167 4857 5000 980003
 980003 163333 4805 4712 975291
 975291 195058 38903 45640 929651
 929651 185930 19629 14592 915059
 915059 183011 19487 14680 900379
 900379 180075 9897 7608 892771
 892771 178554 4817 3840 888931
 888931 177786 4761 3744 885187
 885187 177037 9790 6992 878195
 878195 175639 4953 4664 873531
 873531 174706 4893 4120 869411
 869411 173882 19780 15392 854019
 854019 170803 19907 15152 838867
 838867 167773 10115 10472 828395
 828395 165679 4892 4400 823995
 823995 164799 4818 2928 821067
 821067 164213 9966 7208 813859
 813859 162771 5064 4632 809227
 809227 161845 4990 3912 805315
 805315 201328 78567 30312 775003
 775003 193750 43055 43592 731411
 731411 182852 43188 43936 687475
 687475 171868 21411 18592 668883
 668883 167220 10886 9512 659371
 659371 164842 10755 7376 651995
 651995 162998 21904 18320 633675
 633675 158418 10679 7440 626235
 626235 156558 10948 7424 618811
 618811 154702 44971 44024 574787
 574787 143696 43654 35096 539691
 539691 134922 22918 20752 518939
 518939 129734 11120 10472 508467
 508467 127116 11388 5792 502675
 502675 125668 23341 15840 486835
 486835 121708 11410 8896 477939
 477939 119484 11800 8456 469483
 469483 156494 46178 51256 418227
 418227 139409 23762 27776 390451
 390451 130150 22967 25192 365259
 365259 121753 11414 12176 353083
 353083 117694 5756 6888 346195
 346195 115398 5641 5896 340299
 340299 113433 11048 9184 331115
 331115 110371 5500 5496 325619
 325619 108539 5825 5472 320147
 320147 106715 22867 23264 296883
 296883 98961 22837 22288 274595
 274595 91531 11441 12384 262211
 262211 87403 5784 6696 255515
 255515 85171 5631 3984 251531
 251531 83843 11004 8704 242827
 242827 80942 5483 5464 237363
 237363 79121 5955 5216 232147
 232147 116073 46429 35592 196555
 196555 98277 24569 20824 175731
 175731 87865 25104 23096 152635
 152635 76317 12719 10760 141875
 141875 70937 6650 6616 135259
 135259 67629 6440 5552 129707
 129707 64853 12353 9096 120611
 120611 60305 6185 4704 115907
 115907 57953 5795 5040 110867
 110867 55433 27716 28424 82443
 82443 41221 27481 24400 58043
 58043 29021 14510 12320 45723
 45723 22861 8573 8096 37627
 37627 18813 8361 6520 31107
 31107 15553 15553 11816 19291
 19291 9645 9645 8536 10755
 10755 5377 100 2496 8259