
 14155776 786432 786432 1394336 12761440
 225884512 12549139 4705927 2298032 223586480
 223586480 12421471 4757159 2822456 220764024
 220764024 12264668 2399608 1242288 219521736
 219521736 12195652 1206163 603216 218918520
 218918520 12162140 1209494 858256 218060264
 218060264 12114459 2422891 1577568 216482696
 216482696 12026816 1216194 960536 215522160
 215522160 11973453 1217639 1098880 214423280
 214423280 11912404 4873256 3457816 210965464
 210965464 11720303 4906173 3778168 207187296
 207187296 11510405 2466515 1883072 205304224
 205304224 11405790 1236772 1185128 204119096
 204119096 11339949 1237085 1153848 202965248
 202965248 11275847 2475185 2032840 200932408
 200932408 11162911 1240323 1178176 199754232
 199754232 11097457 1240709 1159096 198595136
 198595136 11682066 4964878 3276312 195318824
 195318824 11489342 2504087 2184928 193133896
 193133896 11360817 2508232 2353704 190780192
 190780192 11222364 1255132 1202296 189577896
 189577896 11151640 627741 277104 189300792
 189300792 11135340 628671 546176 188754616
 188754616 11103212 1258364 1161760 187592856
 187592856 11034873 629506 585904 187006952
 187006952 11000408 629410 606464 186400488
 186400488 10964734 2518925 2388704 184011784
 184011784 10824222 2520709 2438672 181573112
 181573112 10680771 1260924 1313672 180259440
 180259440 10603496 630277 649920 179609520
 179609520 10565265 629961 612472 178997048
 178997048 10529238 1260542 1292464 177704584
 177704584 10453210 630158 628136 177076448
 177076448 10416261 629909 640816 176435632
 176435632 11027227 5041018 4219832 172215800
 172215800 10763487 2532585 2470288 169745512
 169745512 10609094 2533515 2475936 167269576
 167269576 10454348 1267193 1332656 165936920
 165936920 10371057 633347 565968 165370952
 165370952 10335684 633345 650600 164720352
 164720352 10295022 1267079 1277296 163443056
 163443056 10215191 633500 619680 162823376
 162823376 10176461 633285 641824 162181552
 162181552 10136347 2534086 2491448 159690104
 159690104 9980631 2534763 2488288 157201816
 157201816 9825113 1267756 1347992 155853824
 155853824 9740864 633552 667696 155186128
 155186128 9699133 633137 647888 154538240
 154538240 9658640 1266706 1162016 153376224
 153376224 9586014 633786 616440 152759784
 152759784 9547486 633573 625432 152134352
 152134352 10142290 2535572 2682464 149451888
 149451888 9963459 1266541 1626024 147825864
 147825864 9855057 1263468 1660200 146165664
 146165664 9744377 630024 765448 145400216
 145400216 9693347 314773 258752 145141464
 145141464 9676097 314377 308056 144833408
 144833408 9655560 629529 714416 144118992
 144118992 9607932 314319 296408 143822584
 143822584 9588172 314531 313360 143509224
 143509224 9567281 1258852 1639912 141869312
 141869312 9457954 1255480 1635112 140234200
 140234200 9348946 626045 761640 139472560
 139472560 9298170 312774 332936 139139624
 139139624 9275974 312177 287808 138851816
 138851816 9256787 625273 736888 138114928
 138114928 9207661 312102 323880 137791048
 137791048 9186069 312260 317392 137473656
 137473656 9819546 1249760 1790720 135682936
 135682936 9691638 622398 945744 134737192
 134737192 9624085 620602 996592 133740600
 133740600 9552900 309584 357040 133383560
 133383560 9527397 154780 96712 133286848
 133286848 9520489 154209 128232 133158616
 133158616 9511329 309168 315912 132842704
 132842704 9488764 154300 115616 132727088
 132727088 9480506 154431 204008 132523080
 132523080 9465934 619498 1031552 131491528
 131491528 9392252 617245 1026248 130465280
 130465280 9318948 307361 367360 130097920
 130097920 9292708 153413 159816 129938104
 129938104 9281293 153496 141488 129796616
 129796616 9271186 307401 316064 129480552
 129480552 9248610 153579 160056 129320496
 129320496 9237178 153669 148336 129172160
 129172160 9936320 1230211 1377200 127794960
 127794960 9830381 614398 690080 127104880
 127104880 9777298 613705 678352 126426528
 126426528 9725117 306860 343480 126083048
 126083048 9698696 153430 199640 125883408
 125883408 9683339 152645 140496 125742912
 125742912 9672531 306147 312608 125430304
 125430304 9648484 152730 144144 125286160
 125286160 9637396 152837 169544 125116616
 125116616 9624355 613557 665672 124450944
 124450944 9573149 612958 667440 123783504
 123783504 9521808 306025 325864 123457640
 123457640 9496741 152747 153328 123304312
 123304312 9484947 152850 134280 123170032
 123170032 9474617 306203 297808 122872224
 122872224 9451709 152977 180120 122692104
 122692104 9437854 153056 139064 122553040
 122553040 10212753 2451060 2043128 120509912
 120509912 10042492 1229692 1132144 119377768
 119377768 9948147 1230698 1091904 118285864
 118285864 9857155 616072 586904 117698960
 117698960 9808246 308177 294192 117404768
 117404768 9783730 307523 276248 117128520
 117128520 9760710 616241 592336 116536184
 116536184 9711348 307825 312128 116224056
 116224056 9685338 308045 279768 115944288
 115944288 9662024 1233449 1133128 114811160
 114811160 9567596 1234528 1100960 113710200
 113710200 9475850 617990 602888 113107312
 113107312 9425609 309103 298664 112808648
 112808648 9400720 308371 283864 112524784
 112524784 9377065 618034 574408 111950376
 111950376 9329198 308734 301480 111648896
 111648896 9304074 309009 298336 111350560
 111350560 10122778 1237228 1370928 109979632
 109979632 9998148 617863 690304 109289328
 109289328 9935393 617067 669216 108620112
 108620112 9874555 308579 335728 108284384
 108284384 9844034 154304 183768 108100616
 108100616 9827328 153404 142104 107958512
 107958512 9814410 307714 296464 107662048
 107662048 9787458 153526 146624 107515424
 107515424 9774129 153648 165744 107349680
 107349680 9759061 617235 667328 106682352
 106682352 9698395 616540 636904 106045448
 106045448 9640495 307765 330488 105714960
 105714960 9610450 153596 149872 105565088
 105565088 9596826 153724 149640 105415448
 105415448 9583222 307971 285384 105130064
 105130064 9557278 153874 155744 104974320
 104974320 9543120 154005 151576 104822744
 104822744 10482274 1233208 1246216 103576528
 103576528 10357652 616526 580832 102995696
 102995696 10299569 616314 560536 102435160
 102435160 10243516 308539 295256 102139904
 102139904 10213990 154345 135096 102004808
 102004808 10200480 153331 168392 101836416
 101836416 10183641 307760 304280 101532136
 101532136 10153213 153422 153888 101378248
 101378248 10137824 153554 128888 101249360
 101249360 10124936 617675 645264 100604096
 100604096 10060409 617055 653776 99950320
 99950320 9995032 307914 299896 99650424
 99650424 9965042 153629 226944 99423480
 99423480 9942348 153664 118776 99304704
 99304704 9930470 308102 286352 99018352
 99018352 9901835 153890 202832 98815520
 98815520 9881552 153981 140192 98675328
 98675328 10963925 4933766 2856320 95819008
 95819008 10646556 2521552 1689888 94129120
 94129120 10458791 2544030 1691456 92437664
 92437664 10270851 1283856 797592 91640072
 91640072 10182230 645352 292408 91347664
 91347664 10149740 647374 332784 91014880
 91014880 10112764 1300212 718752 90296128
 90296128 10032903 654319 302184 89993944
 89993944 9999327 656371 487472 89506472
 89506472 9945163 2632543 1721424 87785048
 87785048 9753894 2660152 1713472 86071576
 86071576 9563508 1344868 789232 85282344
 85282344 9475816 676844 418160 84864184
 84864184 9429353 678354 353056 84511128
 84511128 9390125 1363082 708392 83802736
 83802736 9311415 686907 407600 83395136
 83395136 9266126 688608 369264 83025872
 83025872 10378234 5535058 4213032 78812840
 78812840 9851605 2814744 2474192 76338648
 76338648 9542331 2827357 2455424 73883224
 73883224 9235403 1420831 1322592 72560632
 72560632 9070079 711378 563936 71996696
 71996696 8999587 712200 672520 71324176
 71324176 8915522 1426483 1260328 70063848
 70063848 8757981 714937 613200 69450648
 69450648 8681331 715293 719736 68730912
 68730912 8591364 2863788 2488912 66242000
 66242000 8280250 2880086 2486768 63755232
 63755232 7969404 1448982 1328336 62426896
 62426896 7803362 725894 769592 61657304
 61657304 7707163 724646 664192 60993112
 60993112 7624139 1452216 1171480 59821632
 59821632 7477704 729532 759352 59062280
 59062280 7382785 728356 724248 58338032
 58338032 8334004 2916901 2730960 55607072
 55607072 7943867 1463344 1658464 53948608
 53948608 7706944 1458070 1673928 52274680
 52274680 7467811 726037 792784 51481896
 51481896 7354556 362752 440680 51041216
 51041216 7291602 361105 382248 50658968
 50658968 7236995 723267 728192 49930776
 49930776 7132968 361061 367440 49563336
 49563336 7080476 361382 367160 49196176
 49196176 7028025 1446946 1679936 47516240
 47516240 6788034 1439886 1670696 45845544
 45845544 6549363 716336 773720 45071824
 45071824 6438832 357940 394336 44677488
 44677488 6382498 356401 356352 44321136
 44321136 6331590 714417 710672 43610464
 43610464 6230066 356596 377792 43232672
 43232672 6176096 356841 375928 42856744
 42856744 7142790 1428558 1893328 40963416
 40963416 6827236 706265 1017304 39946112
 39946112 6657685 699824 1020768 38925344
 38925344 6487557 347547 390424 38534920
 38534920 6422486 173768 227640 38307280
 38307280 6384546 172175 173840 38133440
 38133440 6355573 345613 358376 37775064
 37775064 6295844 172209 173408 37601656
 37601656 6266942 172370 173000 37428656
 37428656 6238109 694151 1105320 36323336
 36323336 6053889 685284 1114744 35208592
 35208592 5868098 337832 397440 34811152
 34811152 5801858 168216 184680 34626472
 34626472 5771078 168323 162608 34463864
 34463864 5743977 337502 360864 34103000
 34103000 5683833 168373 180520 33922480
 33922480 5653746 168532 164744 33757736
 33757736 6751547 1350309 1392504 32365232
 32365232 6473046 674275 715200 31650032
 31650032 6330006 672181 695816 30954216
 30954216 6190843 336458 335304 30618912
 30618912 6123782 168457 187488 30431424
 30431424 6086284 166561 152176 30279248
 30279248 6055849 335205 317832 29961416
 29961416 5992283 166861 162360 29799056
 29799056 5959811 167092 176000 29623056
 29623056 5924611 674477 681784 28941272
 28941272 5788254 672859 679184 28262088
 28262088 5652417 335597 347208 27914880
 27914880 5582976 167058 180552 27734328
 27734328 5546865 167227 146544 27587784
 27587784 5517556 335972 310576 27277208
 27277208 5455441 167712 183640 27093568
 27093568 5418713 167928 167416 26926152
 26926152 6731538 2692615 2067456 24858696
 24858696 6214674 1381038 1161040 23697656
 23697656 5924414 1393979 1150952 22546704
 22546704 5636676 704584 624656 21922048
 21922048 5480512 354038 362664 21559384
 21559384 5389846 351758 295112 21264272
 21264272 5316068 708119 613448 20650824
 20650824 5162706 354503 354744 20296080
 20296080 5074020 355225 351072 19945008
 19945008 4986252 1424643 1136344 18808664
 18808664 4702166 1446820 1116616 17692048
 17692048 4423012 737168 634544 17057504
 17057504 4264376 371461 347080 16710424
 16710424 4177606 368931 286360 16424064
 16424064 4106016 745942 592616 15831448
 15831448 3957862 374637 356368 15475080
 15475080 3868770 376130 331552 15143528
 15143528 5047842 1514352 1532008 13611520
 13611520 4537173 756195 819776 12791744
 12791744 4263914 749920 789200 12002544
 12002544 4000848 375079 410192 11592352
 11592352 3864117 187700 189448 11402904
 11402904 3800968 185020 183192 11219712
 11219712 3739904 370543 367032 10852680
 10852680 3617560 185184 160448 10692232
 10692232 3564077 185871 212808 10479424
 10479424 3493141 752832 788024 9691400
 9691400 3230466 746418 772640 8918760
 8918760 2972920 369120 395344 8523416
 8523416 2841138 183779 187552 8335864
 8335864 2778621 184038 176352 8159512
 8159512 2719837 369262 347880 7811632
 7811632 2603877 184855 189152 7622480
 7622480 2540826 185268 182040 7440440
 7440440 3720220 1488088 1501088 5939352
 5939352 2969676 742419 748288 5191064
 5191064 2595532 735897 751136 4439928
 4439928 2219964 369994 374400 4065528
 4065528 2032764 186834 188472 3877056
 3877056 1938528 181737 175616 3701440
 3701440 1850720 364076 351368 3350072
 3350072 1675036 182731 176776 3173296
 3173296 1586648 183074 197480 2975816
 2975816 1487908 759136 746096 2229720
 2229720 1114860 743240 731064 1498656
 1498656 749328 374664 371288 1127368
 1127368 563684 187894 187760 939608
 939608 469804 187921 173416 766192
 766192 383096 383096 361128 405064
 405064 202532 202532 217016 188048
 188048 94024 188048 190336 -2288