
 75828 5416 5416 125920 -50092
 789436 56388 43857 44776 744660
 744660 53190 43803 39296 705364
 705364 50383 5510 1240 704124
 704124 50294 5538 1464 702660
 702660 50190 5576 1288 701372
 701372 50098 5605 1664 699708
 699708 49979 45142 47016 652692
 652692 46620 45013 48104 604588
 604588 43184 5598 2016 602572
 602572 43040 5625 2096 600476
 600476 42891 5664 2720 597756
 597756 42696 5685 3056 594700
 594700 45746 45746 43712 550988
 550988 42383 5739 10616 540372
 540372 41567 5680 16680 523692
 523692 40284 2785 720 522972
 522972 40228 2793 736 522236
 522236 40172 2805 832 521404
 521404 40108 2817 1008 520396
 520396 40030 5656 13776 506620
 506620 38970 5559 26728 479892
 479892 36914 2666 1096 478796
 478796 36830 2671 1216 477580
 477580 36736 2680 2096 475484
 475484 36575 2685 2168 473316
 473316 39443 43028 48144 425172
 425172 35431 5314 8168 417004
 417004 34750 5270 12680 404324
 404324 33693 2591 960 403364
 403364 33613 2598 1104 402260
 402260 33521 2609 1784 400476
 400476 33373 2616 5888 394588
 394588 32882 5191 12408 382180
 382180 31848 5086 12424 369756
 369756 30813 2498 1328 368428
 368428 30702 2502 1368 367060
 367060 30588 2511 4984 362076
 362076 30173 2495 8480 353596
 353596 32145 4911 1016 352580
 352580 32052 2484 752 351828
 351828 31984 2492 888 350940
 350940 31903 1254 216 350724
 350724 31884 1254 288 350436
 350436 31857 1258 280 350156
 350156 31832 1262 272 349884
 349884 31807 2535 1056 348828
 348828 31711 2547 2168 346660
 346660 31514 1272 528 346132
 346132 31466 1275 520 345612
 345612 31419 1279 560 345052
 345052 31368 1282 784 344268
 344268 34426 5127 1632 342636
 342636 34263 2595 1320 341316
 341316 34131 2600 1144 340172
 340172 34017 1309 416 339756
 339756 33975 1307 480 339276
 339276 33927 1311 488 338788
 338788 33878 1315 640 338148
 338148 33814 2640 1432 336716
 336716 33671 2651 2064 334652
 334652 33465 1324 800 333852
 333852 33385 1327 816 333036
 333036 33303 1330 872 332164
 332164 33216 1333 1048 331116
 331116 36790 5340 2008 329108
 329108 36567 2699 1960 327148
 327148 36349 2699 5696 321452
 321452 35716 1341 424 321028
 321028 35669 1338 608 320420
 320420 35602 1342 824 319596
 319596 35510 1345 1224 318372
 318372 35374 2697 2992 315380
 315380 35042 2697 7600 307780
 307780 34197 1323 1024 306756
 306756 34084 1325 920 305836
 305836 33981 1328 2024 303812
 303812 33756 1326 1648 302164
 302164 37770 5288 3144 299020
 299020 37377 2669 2296 296724
 296724 37090 2666 11128 285596
 285596 35699 1299 960 284636
 284636 35579 1292 1000 283636
 283636 35454 1295 1320 282316
 282316 35289 1296 1520 280796
 280796 35099 2597 2424 278372
 278372 34796 2601 11656 266716
 266716 33339 1253 1064 265652
 265652 33206 1255 1208 264444
 264444 33055 1256 1328 263116
 263116 32889 1257 2104 261012
 261012 37287 40155 37416 223596
 223596 31942 5081 6440 217156
 217156 31022 5036 9080 208076
 208076 29725 2477 1544 206532
 206532 29504 2482 1872 204660
 204660 29237 2491 1920 202740
 202740 28962 2500 2184 200556
 200556 28650 5013 5976 194580
 194580 27797 4972 10096 184484
 184484 26354 2427 1856 182628
 182628 26089 2428 1848 180780
 180780 25825 2438 2664 178116
 178116 25445 2437 2712 175404
 175404 29234 38978 35000 140404
 140404 23400 5014 8040 132364
 132364 22060 4881 11752 120612
 120612 20102 2319 1688 118924
 118924 19820 2325 1760 117164
 117164 19527 2338 4040 113124
 113124 18854 2306 7104 106020
 106020 17670 4417 6784 99236
 99236 16539 4287 9288 89948
 89948 14991 2044 1624 88324
 88324 14720 2046 1592 86732
 86732 14455 2059 5304 81428
 81428 13571 1983 8440 72988
 72988 14597 3649 888 72100
 72100 14420 1901 768 71332
 71332 14266 1922 928 70404
 70404 14080 982 800 69604
 69604 13920 979 520 69084
 69084 13816 986 624 68460
 68460 13692 992 720 67740
 67740 13548 1995 968 66772
 66772 13354 2029 1448 65324
 65324 13064 1019 800 64524
 64524 12904 1024 888 63636
 63636 12727 1027 976 62660
 62660 12532 1028 1104 61556
 61556 15389 4059 1200 60356
 60356 15089 2155 1320 59036
 59036 14759 2172 1200 57836
 57836 14459 1115 952 56884
 56884 14221 1111 912 55972
 55972 13993 1116 992 54980
 54980 13745 1119 976 54004
 54004 13501 2247 1600 52404
 52404 13101 2280 1760 50644
 50644 12661 1145 944 49700
 49700 12425 1151 1128 48572
 48572 12143 1153 1064 47508
 47508 11877 1157 1240 46268
 46268 15422 4626 1368 44900
 44900 14966 2505 2032 42868
 42868 14289 2507 5720 37148
 37148 12382 1172 1112 36036
 36036 12012 1163 952 35084
 35084 11694 1171 1224 33860
 33860 11286 1170 1328 32532
 32532 10844 2332 2312 30220
 30220 10073 2342 9344 20876
 20876 6958 869 992 19884
 19884 6628 865 1056 18828
 18828 6276 858 1216 17612
 17612 5870 842 1320 16292
 16292 8146 3153 1432 14860
 14860 7430 1857 1688 13172
 13172 6586 1837 7448 5724
 5724 2862 483 792 4932
 4932 2466 448 840 4092
 4092 2046 409 728 3364
 3364 1682 373 1024 2340
 2340 1170 585 1288 1052
 1052 526 350 7520 -6468
 -6468 -3234 100 584 -7052
 -7052 -3526 100 640 -7692
 -7692 -3846 100 616 -8308
 -8308 -4154 100 704 -9012