
 379141 27081 27081 273936 105205
 4302844 307346 239046 328368 3974476
 3974476 283891 233792 235696 3738780
 3738780 267055 29209 5360 3733420
 3733420 266672 29368 5552 3727868
 3727868 266276 29586 16792 3711076
 3711076 265076 29657 23208 3687868
 3687868 263419 237926 295856 3392012
 3392012 242286 233931 263280 3128732
 3128732 223480 28969 31512 3097220
 3097220 221230 28913 26944 3070276
 3070276 219305 28964 31040 3039236
 3039236 217088 28909 34848 3004388
 3004388 231106 231106 273392 2730996
 2730996 210076 28447 90528 2640468
 2640468 203112 27757 103496 2536972
 2536972 195151 13494 2832 2534140
 2534140 194933 13534 2784 2531356
 2531356 194719 13597 9544 2521812
 2521812 193985 13625 13576 2508236
 2508236 192941 27263 99472 2408764
 2408764 185289 26431 130080 2278684
 2278684 175283 12659 11832 2266852
 2266852 174373 12646 12376 2254476
 2254476 173421 12653 21768 2232708
 2232708 171746 12608 22536 2210172
 2210172 184181 200924 206304 2003868
 2003868 166989 25048 53312 1950556
 1950556 162546 24651 41560 1908996
 1908996 159083 12237 4920 1904076
 1904076 158673 12267 4184 1899892
 1899892 158324 12325 19056 1880836
 1880836 156736 12286 32488 1848348
 1848348 154029 24320 65560 1782788
 1782788 148565 23727 38712 1744076
 1744076 145339 11784 6560 1737516
 1737516 144793 11801 9152 1728364
 1728364 144030 11825 29216 1699148
 1699148 141595 11711 39896 1659252
 1659252 150841 23045 8064 1651188
 1651188 150108 11634 3480 1647708
 1647708 149791 11672 10464 1637244
 1637244 148840 5853 792 1636452
 1636452 148768 5851 1696 1634756
 1634756 148614 5869 2896 1631860
 1631860 148350 5882 4864 1626996
 1626996 147908 11789 9968 1617028
 1617028 147002 11809 18336 1598692
 1598692 145335 5868 6088 1592604
 1592604 144782 5870 5736 1586868
 1586868 144260 5874 7008 1579860
 1579860 143623 5873 8264 1571596
 1571596 157159 23408 15872 1555724
 1555724 155572 11785 6640 1549084
 1549084 154908 11802 11312 1537772
 1537772 153777 5918 1304 1536468
 1536468 153646 5912 3168 1533300
 1533300 153330 5925 4040 1529260
 1529260 152926 5936 5552 1523708
 1523708 152370 11896 11336 1512372
 1512372 151237 11908 14992 1497380
 1497380 149738 5927 5488 1491892
 1491892 149189 5932 5840 1486052
 1486052 148605 5936 7208 1478844
 1478844 147884 5935 8008 1470836
 1470836 163426 23723 22520 1448316
 1448316 160924 11879 13288 1435028
 1435028 159447 11842 25480 1409548
 1409548 156616 5880 2136 1407412
 1407412 156379 5868 3920 1403492
 1403492 155943 5880 6792 1396700
 1396700 155188 5879 6840 1389860
 1389860 154428 11777 13608 1376252
 1376252 152916 11770 27000 1349252
 1349252 149916 5802 4360 1344892
 1344892 149432 5812 5752 1339140
 1339140 148793 5817 11080 1328060
 1328060 147562 5798 6856 1321204
 1321204 165150 23123 28896 1292308
 1292308 161538 11538 8264 1284044
 1284044 160505 11540 35656 1248388
 1248388 156048 5678 4056 1244332
 1244332 155541 5652 4832 1239500
 1239500 154937 5660 6608 1232892
 1232892 154111 5660 6992 1225900
 1225900 153237 11341 7512 1218388
 1218388 152298 11385 37280 1181108
 1181108 147638 5550 4984 1176124
 1176124 147015 5558 5272 1170852
 1170852 146356 5564 6104 1164748
 1164748 145593 5567 8312 1156436
 1156436 165205 177913 198424 958012
 958012 136858 21773 45264 912748
 912748 130392 21169 41640 871108
 871108 124444 10370 4296 866812
 866812 123830 10418 8224 858588
 858588 122655 10452 9680 848908
 848908 121272 10471 11288 837620
 837620 119660 20940 28056 809564
 809564 115652 20687 40104 769460
 769460 109922 10124 8328 761132
 761132 108733 10119 10248 750884
 750884 107269 10126 13376 737508
 737508 105358 10092 14848 722660
 722660 120443 160591 135840 586820
 586820 97803 20957 27960 558860
 558860 93143 20610 28208 530652
 530652 88442 10204 7368 523284
 523284 87214 10231 8656 514628
 514628 85771 10271 19456 495172
 495172 82528 10094 27592 467580
 467580 77930 19482 23440 444140
 444140 74023 19189 23808 420332
 420332 70055 9553 5664 414668
 414668 69111 9609 8064 406604
 406604 67767 9656 22432 384172
 384172 64028 9357 29960 354212
 354212 70842 17710 7504 346708
 346708 69341 9143 2176 344532
 344532 68906 9287 5912 338620
 338620 67724 4724 2488 336132
 336132 67226 4731 4880 331252
 331252 66250 4732 3832 327420
 327420 65484 4748 4048 323372
 323372 64674 9523 7784 315588
 315588 63117 9591 11544 304044
 304044 60808 4747 4792 299252
 299252 59850 4750 5128 294124
 294124 58824 4747 4496 289628
 289628 57925 4755 5976 283652
 283652 70913 18707 10960 272692
 272692 68173 9739 4448 268244
 268244 67061 9870 9136 259108
 259108 64777 4998 5616 253492
 253492 63373 4952 4472 249020
 249020 62255 4965 4184 244836
 244836 61209 4985 5112 239724
 239724 59931 9975 9784 229940
 229940 57485 10005 12392 217548
 217548 54387 4922 4776 212772
 212772 53193 4930 4952 207820
 207820 51955 4935 5016 202804
 202804 50701 4939 5816 196988
 196988 65662 19698 13400 183588
 183588 61196 10244 8776 174812
 174812 58270 10227 23160 151652
 151652 50550 4786 4800 146852
 146852 48950 4740 4192 142660
 142660 47553 4762 6088 136572
 136572 45524 4721 5168 131404
 131404 43801 9422 8320 123084
 123084 41028 9539 29160 93924
 93924 31308 3913 3456 90468
 90468 30156 3938 3768 86700
 86700 28900 3952 5464 81236
 81236 27078 3888 6408 74828
 74828 37414 14482 13488 61340
 61340 30670 7667 5696 55644
 55644 27822 7764 28512 27132
 27132 13566 2291 2864 24268
 24268 12134 2206 2768 21500
 21500 10750 2150 3600 17900
 17900 8950 1988 3256 14644
 14644 7322 3661 5112 9532
 9532 4766 3177 25480 -15948
 -15948 -7974 100 2256 -18204
 -18204 -9102 100 2552 -20756
 -20756 -10378 100 2608 -23364
 -23364 -11682 100 2736 -26100