
 18873 1048 1048 56824 -37951
 246201 13677 25407 2576 243625
 243625 13534 28035 3312 240313
 240313 13350 1953 784 239529
 239529 13307 117 864 238665
 238665 13259 119 680 237985
 237985 13221 1944 736 237249
 237249 13180 116 752 236497
 236497 13138 118 784 235713
 235713 13095 31220 2504 233209
 233209 12956 35604 3616 229593
 229593 12755 2576 864 228729
 228729 12707 160 840 227889
 227889 12660 154 664 227225
 227225 12623 2586 760 226465
 226465 12581 159 800 225665
 225665 12536 162 776 224889
 224889 13228 41569 4488 220401
 220401 12964 3123 1320 219081
 219081 12887 3135 1824 217257
 217257 12779 190 392 216865
 216865 12756 100 456 216409
 216409 12729 100 304 216105
 216105 12712 194 416 215689
 215689 12687 100 384 215305
 215305 12665 100 432 214873
 214873 12639 3131 1496 213377
 213377 12551 3160 1840 211537
 211537 12443 187 424 211113
 211113 12418 100 464 210649
 210649 12391 100 304 210345
 210345 12373 191 448 209897
 209897 12346 100 392 209505
 209505 12323 100 368 209137
 209137 13071 50394 6368 202769
 202769 12673 4023 1520 201249
 201249 12578 4051 2160 199089
 199089 12443 256 368 198721
 198721 12420 100 448 198273
 198273 12392 100 296 197977
 197977 12373 244 392 197585
 197585 12349 100 408 197177
 197177 12323 100 432 196745
 196745 12296 4061 1544 195201
 195201 12200 4122 2688 192513
 192513 12032 254 360 192153
 192153 12009 100 456 191697
 191697 11981 100 296 191401
 191401 11962 241